   0  27  35  18  31  20  32  43  30  23  21  42  38  14
  27   0  10  27  34  23  33  22  28  31  24  17  42  33
  35  10   0  26  25  15  24  12  29  21  29   7  32  38
  18  27  26   0  18  27  17  25  12   5   3  33  28  12
  31  34  25  18   0  11   1  13   6  18  15  32  24  22
  20  23  15  27  11   0  12  24  17  29  26  22  35  25
  32  33  24  17   1  12   0  12   5  17  14  31  23  21
  43  22  12  25  13  24  12   0  17  26  26  19  35  33
  30  28  29  12   6  17   5  17   0  12   9  36  18  16
  23  31  21   5  18  29  17  26  12   0   8  28  23  17
  21  24  29   3  15  26  14  26   9   8   0  30  27   9
  42  17   7  33  32  22  31  19  36  28  30   0  25  39
  38  42  32  28  24  35  23  35  18  23  27  25   0  24
  14  33  38  12  22  25  21  33  16  17   9  39  24   0
