   0  19  26  22  21  16  15  29  25  21  18  22  20   7  24  31
  19   0  13   9   8   3  19  16  16  12   5  24   7  12  20  16
  26  13   0  14  15  10  24  23  11  15  12  22  14  19  15  13
  22   9  14   0   5   6  22  15  16  15   8  15   2  15  20  24
  21   8  15   5   0   5  17  14  11  14   3  20   3  14  15  20
  16   3  10   6   5   0  16  13  13   9   2  21   4   9  17  19
  15  19  24  22  17  16   0  24  13  17  14  23  20   8   9  24
  29  16  23  15  14  13  24   0  25  22  11  30  17  22  29  28
  25  16  11  16  11  13  13  25   0   4  14  22  14  21   4  19
  21  12  15  15  14   9  17  22   4   0  11  26  13  18   8  23
  18   5  12   8   3   2  14  11  14  11   0  23   6  11  18  17
  22  24  22  15  20  21  23  30  22  26  23   0  17  15  24   9
  20   7  14   2   3   4  20  17  14  13   6  17   0  13  18  23
   7  12  19  15  14   9   8  22  21  18  11  15  13   0  17  24
  24  20  15  20  15  17   9  29   4   8  18  24  18  17   0  15
  31  16  13  24  20  19  24  28  19  23  17   9  23  24  15   0
