   0   9  19  10   8  18  20   9  25   9
   9   0  17   8   7  15  11   9  16   6
  19  17   0   9  22  30  28  10  30  21
  10   8   9   0  13  21  19   1  21  12
   8   7  22  13   0  10  18  12  23   1
  18  15  30  21  10   0  17  20  31   9
  20  11  28  19  18  17   0  19  27  17
   9   9  10   1  12  20  19   0  20  11
  25  16  30  21  23  31  27  20   0  22
   9   6  21  12   1   9  17  11  22   0
