   0  23  19  19  22  14  12  14   3  19  16  15
  23   0  19   9  12  28  28  15  20  15  30  14
  19  19   0  11  14   9   9   5  16  12  22   8
  19   9  11   0   3  20  19   6  16   6  21   5
  22  12  14   3   0  18  16   9  19   9  24   8
  14  28   9  20  18   0   2  14  11  21  15  17
  12  28   9  19  16   2   0  14   9  21  13  17
  14  15   5   6   9  14  14   0  11  12  27  11
   3  20  16  16  19  11   9  11   0  16  19  12
  19  15  12   6   9  21  21  12  16   0  15   4
  16  30  22  21  24  15  13  27  19  15   0  18
  15  14   8   5   8  17  17  11  12   4  18   0
