   0  17   9  25  33  38  23  24
  17   0  14   8  36  21   8   7
   9  14   0  22  24  35  22  21
  25   8  22   0  28  13  12   1
  33  36  24  28   0  17  40  29
  38  21  35  13  17   0  25  14
  23   8  22  12  40  25   0  11
  24   7  21   1  29  14  11   0
